50
0.918703
0.350493
0.00996739
0.0600361
130
1893
50
0.994244
0.156599
0.00668187
0.0994233
127
6145
50
0.814902
0.152994
0.00588007
0.0247614
60
7193
50
0.90683
0.331995
0.00378204
0.0833132
96
3184
50
0.808404
0.342188
0.00784943
0.0387394
34
9030
50
0.925086
0.0187118
0.00965305
0.0452106
39
4577
50
0.955401
0.457712
0.00348447
0.0373161
163
895
50
0.954279
0.292756
0.00593653
0.0996502
145
6032
50
0.832799
0.0205268
0.00931417
0.051552
41
9432
50
0.913994
0.366351
0.00134889
0.0706331
43
2345
50
0.945344
0.062461
0.00890561
0.0986065
61
2749
50
0.711283
0.352863
0.00796072
0.0825134
73
8376
50
0.709685
0.105976
0.00451113
0.0654704
132
3252
50
0.78865
0.0963476
0.000386971
0.0487333
51
4996
50
0.859188
0.109353
0.00651131
0.0524439
189
5553
50
0.98048
0.403291
0.0026379
0.0313983
9
5509
50
0.967144
0.225651
0.00949347
0.0526363
173
3202
50
0.845166
0.406548
0.00391223
0.0696773
52
5900
50
0.962839
0.361208
0.00466009
0.0950316
40
3323
50
0.739399
0.113722
0.00373682
0.0544484
53
5043
50
0.734556
0.0819122
0.00793316
0.0118478
36
7959
50
0.76426
0.173969
0.004417
0.0615718
38
4913
50
0.975042
0.446843
0.00063296
0.0863483
94
8830
50
0.840063
0.278064
0.00329258
0.0667886
50
8328
50
0.735591
0.00399943
0.00656497
0.0352526
10
7016
50
0.812793
0.0455917
0.00232768
0.0675249
166
9569
50
0.932271
0.0972323
0.00079813
0.0558123
10
9236
50
0.744532
0.478625
0.00470728
0.0466607
66
3116
50
0.805743
0.132498
0.00224676
0.0868167
139
600
50
0.907743
0.470587
0.00157245
0.0883127
180
8112
50
0.800388
0.497665
0.00634087
0.0497527
112
1627
50
0.737383
0.44264
0.00109723
0.0520191
79
7299
50
0.905643
0.169414
0.00742746
0.0879312
117
4739
50
0.90127
0.194011
0.00274136
0.0628037
6
7976
50
0.919068
0.295029
0.00558615
0.0379698
161
1364
50
0.997683
0.462965
0.00145641
0.0348005
144
3984
50
0.837833
0.205602
0.00257095
0.0922147
193
503
50
0.881814
0.26144
0.0083654
0.0609088
130
2047
50
0.957308
0.283388
0.00212826
0.0187466
97
9068
50
0.948221
0.21149
0.00206099
0.0505608
55
2804
50
0.8099
0.146896
0.00918054
0.035636
160
3919
50
0.910932
0.323659
0.00958161
0.023703
30
417
50
0.874217
0.0883806
0.00866895
0.0245154
25
9862
50
0.915458
0.224282
0.000970203
0.0813866
103
6388
50
0.977133
0.386011
0.00604656
0.0661155
179
6703
50
0.755788
0.165479
0.005674
0.0687815
105
5992
50
0.739991
0.145275
0.00622054
0.0955913
31
2551
50
0.949537
0.0425761
0.00569005
0.0139384
156
8989
50
0.868225
0.493446
0.00845057
0.0428194
24
2510
50
0.870662
0.431668
0.00173435
0.0916088
152
4949
50
0.963224
0.217389
0.00825253
0.0595559
13
4689
50
0.878972
0.129345
0.000158071
0.0676347
6
274
50
0.704036
0.0282168
0.00479314
0.0585707
170
8547
50
0.943743
0.177059
0.00475856
0.0484251
32
3771
50
0.978008
0.334496
0.00871967
0.0397356
183
7371
50
0.713888
0.245394
0.00964231
0.0734851
12
1829
50
0.7831
0.137996
0.00100752
0.0907177
70
3492
50
0.921284
0.376509
0.000374439
0.0719492
74
6746
50
0.706788
0.232389
0.00509112
0.097212
91
7786
50
0.848802
0.206964
0.00687493
0.0799192
171
7432
50
0.84465
0.0229733
0.00386474
0.062253
59
5122
50
0.981809
0.117565
0.000765646
0.0541268
167
8183
50
0.852476
0.163555
0.00780609
0.039127
68
5111
50
0.989256
0.44602
0.00172202
0.0161077
139
2468
50
0.897484
0.345407
0.0010501
0.0900119
136
6464
50
0.786132
0.363638
0.00402445
0.0538789
185
5214
50
0.987369
0.415145
0.00543039
0.06368
91
3060
50
0.773741
0.461445
0.00430301
0.0836656
131
8063
50
0.908824
0.159406
0.000136901
0.0180898
126
5768
50
0.951978
0.123138
0.000487171
0.074582
149
9607
50
0.938714
0.215182
0.00220165
0.0413244
40
9186
50
0.722078
0.0866179
0.00926045
0.096292
93
391
50
0.877937
0.441072
0.00189081
0.0840007
18
3430
50
0.833956
0.14306
0.000876773
0.0130423
79
1553
50
0.892547
0.10288
0.00453712
0.0803357
57
4773
50
0.861391
0.1506
0.000434799
0.0555981
86
7754
50
0.74319
0.291677
0.00702565
0.0888037
51
5696
50
0.81062
0.391279
0.00827418
0.0772941
58
5469
50
0.821045
0.392774
0.00297531
0.0553319
188
6888
50
0.933374
0.289518
0.00574116
0.0405112
87
6267
50
0.781647
0.0292644
0.000544508
0.0704509
8
2701
50
0.996566
0.494581
0.00423434
0.0822039
178
1053
50
0.714973
0.314618
0.000316123
0.0748197
186
5315
50
0.83164
0.372389
0.00360195
0.0956851
165
6825
50
0.757152
0.221892
0.000679342
0.0270339
92
1440
50
0.818155
0.182346
0.00859728
0.0361099
48
9763
50
0.959013
0.49002
0.0099199
0.0740596
14
2258
50
0.760092
0.248254
0.00227867
0.0911711
115
2420
50
0.950373
0.035246
0.00953928
0.0235023
195
7073
50
0.776656
0.262735
0.00579472
0.0308775
60
8214
50
0.839479
0.325372
0.00311691
0.0350285
45
9441
50
0.793609
0.286915
0.00184163
0.0875648
77
333
50
0.8859
0.359248
0.0054837
0.010967
37
2292
50
0.728869
0.0379122
0.00521273
0.0808676
108
5389
50
0.816302
0.112001
0.00382836
0.0290855
151
7896
50
0.989885
0.234055
0.00610296
0.0828249
56
3876
50
0.916794
0.249399
0.00343057
0.0981145
98
7659
50
0.993424
0.487927
0.00193451
0.0743226
184
8296
50
0.975405
0.118774
0.00140306
0.0162801
192
8473
50
0.842366
0.27334
0.00655394
0.020145
158
4190
50
0.70841
0.265167
0.0088675
0.0335382
142
8038
50
0.770203
0.275615
0.00908142
0.0752462
3
7816
50
0.992302
0.150852
0.00598463
0.0408508
189
8409
50
0.855257
0.0653803
0.0053196
0.0944518
75
8483
50
0.966657
0.342526
0.00335731
0.0206137
169
7114
50
0.723272
0.19833
0.00732612
0.0681964
56
9955
50
0.751652
0.0904098
0.0021788
0.0575868
21
6670
50
0.787594
0.135357
0.00724083
0.0793784
118
9348
50
0.76903
0.422097
0.00417469
0.0502694
176
6174
50
0.94097
0.300951
0.00694727
0.0723521
190
9804
50
0.767277
0.0405714
0.00936008
0.0256844
15
6296
50
0.84978
0.183584
0.00351085
0.0766345
167
4652
50
0.940234
0.300292
0.00778191
0.0587428
173
1583
50
0.780379
0.417495
0.00912724
0.0611453
129
650
50
0.879808
0.141118
0.00117706
0.0412562
89
3815
50
0.754464
0.349
0.00500918
0.0242743
193
9729
50
0.701416
0.428486
0.00070768
0.0977217
107
803
50
0.799098
0.456073
0.00288663
0.0534051
27
2854
50
0.875698
0.410471
0.00282582
0.0327457
123
5833
50
0.707898
0.355328
0.00762437
0.0259662
37
5562
50
0.927252
0.202409
0.00661502
0.0784837
124
1729
50
0.902333
0.19927
0.00756993
0.0795103
140
1115
50
0.824918
0.0647886
0.00315319
0.0565662
110
2633
50
0.991684
0.238077
0.00807443
0.0715641
75
8885
50
0.983385
0.419528
0.00877328
0.064582
84
6920
50
0.969295
0.491202
0.00833622
0.0506883
69
8613
50
0.770738
0.449527
0.000576008
0.0364153
150
3
50
0.702964
0.464193
0.00601916
0.0339255
66
1925
50
0.847019
0.481209
0.00534897
0.0857327
159
1268
50
0.964535
0.0146458
0.00788423
0.0790977
7
4078
50
0.82824
0.0254324
0.00813808
0.0211967
153
5424
50
0.931052
0.0151236
0.00294304
0.023032
114
1292
50
0.811276
0.281823
0.00716226
0.0103317
108
44
50
0.936436
0.405782
0.00355945
0.0850603
146
797
50
0.80302
0.31043
0.00150143
0.0217746
26
9369
50
0.883307
0.158376
0.00367272
0.092926
177
8562
50
0.863248
0.134303
0.00492066
0.060611
198
8932
50
0.893965
0.450607
0.00249207
0.0399583
107
3684
50
0.71666
0.012782
0.0044807
0.0225433
106
1169
50
0.856469
0.240454
0.00406748
0.0317712
84
2230
50
0.984567
0.296805
0.00815725
0.0425626
184
1763
50
0.780053
0.422415
0.00560682
0.0629762
155
2782
50
0.820467
0.176348
0.00884917
0.0842195
154
4433
50
0.784218
0.18826
0.00115953
0.0817407
28
3310
50
0.726892
0.0579479
0.00820609
0.0495751
17
8126
50
0.775848
0.383314
0.00893519
0.065079
62
8786
50
0.751216
0.259055
0.00686651
0.0274421
80
6066
50
0.972303
0.269099
0.00163
0.0710804
196
6594
50
0.742477
0.00185274
0.00898581
0.018399
54
3394
50
0.86405
0.388819
0.0030289
0.0288313
25
989
50
0.867031
0.108655
0.00018071
0.0394257
43
3473
50
0.72626
0.375366
0.006464
0.0872586
82
448
50
0.942232
0.243775
0.00411704
0.0727359
15
7599
50
0.774632
0.0473929
0.00767713
0.0848707
135
7625
50
0.837507
0.0706955
0.00198256
0.0661823
33
5725
50
0.856916
0.357098
0.00580406
0.0209372
88
9126
50
0.807443
0.0806126
0.00363818
0.0896074
125
5631
50
0.928666
0.254785
0.00322985
0.0700043
199
556
50
0.850722
0.161585
0.000521159
0.0196823
120
4495
50
0.986546
0.121296
0.00674529
0.0148047
160
4117
50
0.762267
0.434607
0.00728762
0.0219042
157
189
50
0.871817
0.0763574
0.00549707
0.0226997
19
3724
50
0.717601
0.382115
0.00980431
0.0173142
90
1967
50
0.713141
0.253342
0.00874833
0.0144089
121
9656
50
0.777779
0.467028
0.00736785
0.0758986
100
5003
50
0.796725
0.226691
0.00994958
0.0968978
162
3955
50
0.824075
0.166761
0.00240533
0.0578809
104
697
50
0.897162
0.218784
0.00440735
0.077983
176
2143
50
0.795492
0.213104
0.00714287
0.0936688
118
3614
50
0.98485
0.190616
0.00947381
0.0446958
148
314
50
0.758731
0.0909302
0.00626015
0.0369203
133
1205
50
0.748639
0.401461
0.0090481
0.075524
148
5921
50
0.765587
0.0348818
0.00178667
0.0128033
2
7155
50
0.923691
0.0313936
0.00398361
0.0569886
95
5261
50
0.802493
0.459106
0.00165896
0.0434433
113
7518
50
0.960935
0.0519754
0.00696366
0.0712468
171
6489
50
0.920701
0.473306
0.00973197
0.0422812
64
1344
50
0.728493
0.191716
0.00739783
0.0442697
42
2009
50
0.944197
0.230363
0.000820483
0.0457363
46
607
50
0.923176
0.370274
0.00247046
0.0763765
196
8876
50
0.890073
0.126675
0.00527661
0.0198071
134
876
50
0.842011
0.397431
0.00706773
0.0300179
14
4334
50
0.912297
0.426703
0.00308343
0.0934986
137
5197
50
0.881458
0.436773
0.00629941
0.0175941
156
6527
50
0.791826
0.338467
0.00239548
0.0894147
44
8731
50
0.929964
0.432705
0.00676572
0.0941109
65
2982
50
0.75318
0.319125
0.00640314
0.0169218
121
9100
50
0.76602
0.256934
0.00502433
0.0510677
4
7469
50
0.91004
0.285866
0.00380727
0.0966134
83
2571
50
0.71952
0.196176
0.0050804
0.0563426
122
7226
50
0.893454
0.33715
0.00460961
0.0917453
199
1649
50
0.973707
0.251378
0.00854869
0.0374973
29
2669
50
0.829362
0.312691
0.00484322
0.0985106
111
8261
50
0.700434
0.364886
0.00722356
0.0252027
23
2909
50
0.884372
0.178758
0.00156176
0.0141684
137
4280
50
0.998039
0.0056258
0.00330892
0.0113466
187
7330
50
0.865876
0.484872
0.00306107
0.047389
126
1517
50
0.720962
0.271466
0.00275327
0.0439652
191
4219
50
0.900147
0.185128
0.00489114
0.0889542
48
5853
50
0.772329
0.305543
0.00428457
0.0302532
104
2082
50
0.914253
0.20272
0.0053913
0.0927954
153
7702
50
0.79301
0.399584
0.00665712
0.0165878
77
7527
50
0.818809
0.235668
0.00753844
0.0492224
181
228
50
0.853658
0.304043
0.00130453
0.012399
81
3521
50
0.827043
0.268437
0.00840644
0.0774788
147
8711
50
0.749676
0.172036
0.00863589
0.0529874
145
6330
50
0.894965
0.208895
0.00915926
0.0619971
101
4608
50
0.81432
0.369063
0.00126579
0.0438376
62
9289
50
0.836254
0.316711
0.00397492
0.0946144
143
5666
50
0.926673
0.115803
0.00708093
0.090393
85
3124
50
0.70547
0.45389
0.00254066
0.0281957
35
2200
50
0.887986
0.0564642
0.00682202
0.0268895
98
100
50
0.804642
0.0728808
0.00987266
0.0692774
175
9682
50
0.979633
0.0489407
0.00260714
0.0642036
1
6982
50
0.86202
0.24177
0.00804198
0.0990057
135
1146
50
0.873042
0.0997984
0.00771002
0.0116451
5
2952
50
0.891332
0.424881
0.00850566
0.0331463
169
9993
50
0.732887
0.307821
0.00208613
0.0780619
22
4020
50
0.790276
0.387127
0.00515376
0.0669278
67
8659
50
0.968347
0.0775223
0.00436045
0.0590535
21
6783
50
0.899113
0.0225988
0.00339138
0.0294752
47
6857
50
0.730526
0.0533581
0.00942106
0.03815
116
7871
50
0.822319
0.475854
0.00142484
0.0632969
49
7267
50
0.786034
0.327861
0.00618981
0.0549565
96
3661
50
0.718488
0.30978
0.00463451
0.047516
78
6637
50
0.937377
0.13897
0.0075951
0.032515
32
1036
50
0.876178
0.498084
0.00123279
0.0153193
11
4290
50
0.953303
0.412729
0.000277563
0.0342984
180
6412
50
0.84763
0.40859
0.00203454
0.0651304
87
954
50
0.746103
0.0603849
0.00612742
0.0478926
174
2363
50
0.732147
0.0670868
0.0074692
0.0190877
164
1710
50
0.757486
0.483477
0.009242
0.0855421
20
3032
50
0.957091
0.00890293
0.00970224
0.0320421
100
4873
50
0.761014
0.347614
0.00591962
0.0601159
128
4455
50
0.903325
0.438954
0.00636391
0.045528
30
137
50
0.960203
0.101987
0.00269977
0.0812435
65
4129
50
0.869544
0.332859
0.00519332
0.0286362
101
1451
50
0.737027
0.083153
0.00322359
0.0277172
18
9902
50
0.800753
0.0713826
0.00107107
0.0419283
194
3577
50
0.946875
0.0928262
0.00187131
0.026202
72
4363
50
0.857898
0.280148
0.000906513
0.0155251
111
9244
50
0.826052
0.127793
0.00978574
0.0461191
182
1854
50
0.725056
0.32962
0.00845743
0.031185
141
4543
50
0.746895
0.321178
0.0055546
0.0468923
197
6220
50
0.797489
0.477548
0.0093977
0.0104409
72
754
50
0.887174
0.00899829
0.00284576
0.0731864
116
4825
50
0.830951
0.0431055
0.00421039
0.0571817
71
6104
50
0.741418
0.37872
0.000247127
0.08616
165
9528
50
0.934784
0.39533
0.00495565
0.0135331
119
9510
50
0.970886
0.469313
0.00801596
0.0686266
143
5331
